
# glove Cosine Similarity Matrix for joy, sadness, melancholy, apathy, anxiety
  
|            |      joy |   sadness |   melancholy |   apathy |   anxiety |
|:-----------|---------:|----------:|-------------:|---------:|----------:|
| joy        | 1        |  0.614125 |     0.419669 | 0.22618  |  0.373352 |
| sadness    | 0.614125 |  1        |     0.680048 | 0.519194 |  0.572585 |
| melancholy | 0.419669 |  0.680048 |     1        | 0.376481 |  0.38645  |
| apathy     | 0.22618  |  0.519194 |     0.376481 | 1        |  0.453588 |
| anxiety    | 0.373352 |  0.572585 |     0.38645  | 0.453588 |  1        |
# glove Dot Product Matrix for joy, sadness, melancholy, apathy, anxiety
  
|            |      joy |   sadness |   melancholy |   apathy |   anxiety |
|:-----------|---------:|----------:|-------------:|---------:|----------:|
| joy        | 44.6027  |   27.4708 |      17.1364 |  9.45893 |   19.03   |
| sadness    | 27.4708  |   44.861  |      27.8489 | 21.7757  |   29.2694 |
| melancholy | 17.1364  |   27.8489 |      37.3823 | 14.414   |   18.0329 |
| apathy     |  9.45893 |   21.7757 |      14.414  | 39.2117  |   21.6774 |
| anxiety    | 19.03    |   29.2694 |      18.0329 | 21.6774  |   58.2476 |
# fasttext Cosine Similarity Matrix for joy, sadness, melancholy, apathy, anxiety
  
|            |      joy |   sadness |   melancholy |   apathy |   anxiety |
|:-----------|---------:|----------:|-------------:|---------:|----------:|
| joy        | 1        |  0.571959 |     0.427594 | 0.291797 |  0.333664 |
| sadness    | 0.571959 |  1        |     0.678315 | 0.492862 |  0.617307 |
| melancholy | 0.427594 |  0.678315 |     1        | 0.416561 |  0.490691 |
| apathy     | 0.291797 |  0.492862 |     0.416561 | 1        |  0.592696 |
| anxiety    | 0.333664 |  0.617307 |     0.490691 | 0.592696 |  1        |
# fasttext Dot Product Matrix for joy, sadness, melancholy, apathy, anxiety
  
|            |      joy |   sadness |   melancholy |   apathy |   anxiety |
|:-----------|---------:|----------:|-------------:|---------:|----------:|
| joy        | 14.9263  |   9.40132 |      7.04013 |  4.6485  |   5.76403 |
| sadness    |  9.40132 |  18.1007  |     12.2985  |  8.6463  |  11.7433  |
| melancholy |  7.04013 |  12.2985  |     18.1613  |  7.31996 |   9.35023 |
| apathy     |  4.6485  |   8.6463  |      7.31996 | 17.0025  |  10.9277  |
| anxiety    |  5.76403 |  11.7433  |      9.35023 | 10.9277  |  19.9932  |
# word2vec Cosine Similarity Matrix for joy, sadness, melancholy, apathy, anxiety
  
|            |      joy |   sadness |   melancholy |   apathy |   anxiety |
|:-----------|---------:|----------:|-------------:|---------:|----------:|
| joy        | 1        |  0.598001 |     0.378722 | 0.192677 |  0.430443 |
| sadness    | 0.598001 |  1        |     0.57072  | 0.319454 |  0.498325 |
| melancholy | 0.378722 |  0.57072  |     1        | 0.281032 |  0.341476 |
| apathy     | 0.192677 |  0.319454 |     0.281032 | 1        |  0.39678  |
| anxiety    | 0.430443 |  0.498325 |     0.341476 | 0.39678  |  1        |
# word2vec Dot Product Matrix for joy, sadness, melancholy, apathy, anxiety
  
|            |     joy |   sadness |   melancholy |   apathy |   anxiety |
|:-----------|--------:|----------:|-------------:|---------:|----------:|
| joy        | 9.54039 |   6.44346 |      3.67536 |  1.83899 |   3.90606 |
| sadness    | 6.44346 |  12.1694  |      6.25539 |  3.44357 |   5.10723 |
| melancholy | 3.67536 |   6.25539 |      9.87174 |  2.72848 |   3.15208 |
| apathy     | 1.83899 |   3.44357 |      2.72848 |  9.54848 |   3.6021  |
| anxiety    | 3.90606 |   5.10723 |      3.15208 |  3.6021  |   8.63135 |
# Input Ranking Matrix for joy, sadness, melancholy, apathy, anxiety
  
|            |   joy |   sadness |   melancholy |   apathy |   anxiety |
|:-----------|------:|----------:|-------------:|---------:|----------:|
| joy        |    84 |        34 |           50 |       64 |        62 |
| sadness    |    23 |        84 |           83 |       58 |        46 |
| melancholy |    27 |        73 |           84 |       69 |        41 |
| apathy     |    37 |        62 |           70 |       84 |        41 |
| anxiety    |    43 |        58 |           57 |       52 |        84 |
# glove Cosine Similarity Matrix for happy, neutral, sad, love, relaxed
  
|         |    happy |   neutral |      sad |     love |   relaxed |
|:--------|---------:|----------:|---------:|---------:|----------:|
| happy   | 1        |  0.286923 | 0.643591 | 0.691258 |  0.479163 |
| neutral | 0.286923 |  1        | 0.231236 | 0.263495 |  0.321831 |
| sad     | 0.643591 |  0.231236 | 1        | 0.568043 |  0.313211 |
| love    | 0.691258 |  0.263495 | 0.568043 | 1        |  0.336922 |
| relaxed | 0.479163 |  0.321831 | 0.313211 | 0.336922 |  1        |
# glove Dot Product Matrix for happy, neutral, sad, love, relaxed
  
|         |   happy |   neutral |     sad |    love |   relaxed |
|:--------|--------:|----------:|--------:|--------:|----------:|
| happy   | 47.1381 |   14.3774 | 29.8646 | 35.3732 |   23.0037 |
| neutral | 14.3774 |   53.2669 | 11.4063 | 14.3334 |   16.4242 |
| sad     | 29.8646 |   11.4063 | 45.6796 | 28.6148 |   14.8022 |
| love    | 35.3732 |   14.3334 | 28.6148 | 55.5516 |   17.5592 |
| relaxed | 23.0037 |   16.4242 | 14.8022 | 17.5592 |   48.894  |
# fasttext Cosine Similarity Matrix for happy, neutral, sad, love, relaxed
  
|         |    happy |   neutral |      sad |     love |   relaxed |
|:--------|---------:|----------:|---------:|---------:|----------:|
| happy   | 1        |  0.296307 | 0.431929 | 0.4896   |  0.299338 |
| neutral | 0.296307 |  1        | 0.189368 | 0.114694 |  0.321726 |
| sad     | 0.431929 |  0.189368 | 1        | 0.401177 |  0.191948 |
| love    | 0.4896   |  0.114694 | 0.401177 | 1        |  0.200805 |
| relaxed | 0.299338 |  0.321726 | 0.191948 | 0.200805 |  1        |
# fasttext Dot Product Matrix for happy, neutral, sad, love, relaxed
  
|         |    happy |   neutral |      sad |     love |   relaxed |
|:--------|---------:|----------:|---------:|---------:|----------:|
| happy   | 12.8637  |   4.40322 |  6.382   |  6.54337 |   3.98751 |
| neutral |  4.40322 |  17.1669  |  3.23233 |  1.77078 |   4.95095 |
| sad     |  6.382   |   3.23233 | 16.9717  |  6.15853 |   2.93699 |
| love    |  6.54337 |   1.77078 |  6.15853 | 13.8853  |   2.77914 |
| relaxed |  3.98751 |   4.95095 |  2.93699 |  2.77914 |  13.7948  |
# word2vec Cosine Similarity Matrix for happy, neutral, sad, love, relaxed
  
|         |     happy |   neutral |       sad |      love |   relaxed |
|:--------|----------:|----------:|----------:|----------:|----------:|
| happy   | 1         | 0.0988833 | 0.535461  | 0.374196  |  0.420144 |
| neutral | 0.0988833 | 1         | 0.0440319 | 0.0309569 |  0.190795 |
| sad     | 0.535461  | 0.0440319 | 1         | 0.37448   |  0.126642 |
| love    | 0.374196  | 0.0309569 | 0.37448   | 1         |  0.113341 |
| relaxed | 0.420144  | 0.190795  | 0.126642  | 0.113341  |  1        |
# word2vec Dot Product Matrix for happy, neutral, sad, love, relaxed
  
|         |    happy |   neutral |      sad |     love |   relaxed |
|:--------|---------:|----------:|---------:|---------:|----------:|
| happy   | 6.08477  |  0.753962 | 3.83108  | 2.46142  |  3.13682  |
| neutral | 0.753962 |  9.55452  | 0.394768 | 0.255167 |  1.78501  |
| sad     | 3.83108  |  0.394768 | 8.41281  | 2.89642  |  1.11177  |
| love    | 2.46142  |  0.255167 | 2.89642  | 7.11093  |  0.914783 |
| relaxed | 3.13682  |  1.78501  | 1.11177  | 0.914783 |  9.16088  |
# Input Ranking Matrix for happy, neutral, sad, love, relaxed
  
|         |   happy |   neutral |   sad |   love |   relaxed |
|:--------|--------:|----------:|------:|-------:|----------:|
| happy   |      84 |        43 |    25 |     76 |        66 |
| neutral |      53 |        84 |    37 |     37 |        83 |
| sad     |      36 |        77 |    84 |     42 |        55 |
| love    |      82 |        45 |    24 |     84 |        59 |
| relaxed |      72 |        68 |    28 |     42 |        84 |
# glove Cosine Similarity Matrix for hate, uneasy, suffering, depression, nightmares
  
|            |     hate |   uneasy |   suffering |   depression |   nightmares |
|:-----------|---------:|---------:|------------:|-------------:|-------------:|
| hate       | 1        | 0.204121 |    0.419454 |     0.31746  |     0.33067  |
| uneasy     | 0.204121 | 1        |    0.258964 |     0.202325 |     0.253739 |
| suffering  | 0.419454 | 0.258964 |    1        |     0.573739 |     0.389075 |
| depression | 0.31746  | 0.202325 |    0.573739 |     1        |     0.41556  |
| nightmares | 0.33067  | 0.253739 |    0.389075 |     0.41556  |     1        |
# glove Dot Product Matrix for hate, uneasy, suffering, depression, nightmares
  
|            |     hate |   uneasy |   suffering |   depression |   nightmares |
|:-----------|---------:|---------:|------------:|-------------:|-------------:|
| hate       | 42.9034  |  8.41545 |     18.6903 |     15.903   |      13.9793 |
| uneasy     |  8.41545 | 39.6174  |     11.0884 |      9.73954 |      10.308  |
| suffering  | 18.6903  | 11.0884  |     46.2777 |     29.85    |      17.083  |
| depression | 15.903   |  9.73954 |     29.85   |     58.4911  |      20.5127 |
| nightmares | 13.9793  | 10.308   |     17.083  |     20.5127  |      41.657  |
# fasttext Cosine Similarity Matrix for hate, uneasy, suffering, depression, nightmares
  
|            |     hate |   uneasy |   suffering |   depression |   nightmares |
|:-----------|---------:|---------:|------------:|-------------:|-------------:|
| hate       | 1        | 0.35021  |    0.254709 |     0.18092  |     0.360417 |
| uneasy     | 0.35021  | 1        |    0.284799 |     0.256397 |     0.417909 |
| suffering  | 0.254709 | 0.284799 |    1        |     0.440476 |     0.470364 |
| depression | 0.18092  | 0.256397 |    0.440476 |     1        |     0.382077 |
| nightmares | 0.360417 | 0.417909 |    0.470364 |     0.382077 |     1        |
# fasttext Dot Product Matrix for hate, uneasy, suffering, depression, nightmares
  
|            |     hate |   uneasy |   suffering |   depression |   nightmares |
|:-----------|---------:|---------:|------------:|-------------:|-------------:|
| hate       | 13.9427  |  4.75256 |     3.50303 |      3.22125 |      5.60949 |
| uneasy     |  4.75256 | 13.2084  |     3.81233 |      4.44327 |      6.33071 |
| suffering  |  3.50303 |  3.81233 |    13.566   |      7.73591 |      7.22113 |
| depression |  3.22125 |  4.44327 |     7.73591 |     22.7367  |      7.59379 |
| nightmares |  5.60949 |  6.33071 |     7.22113 |      7.59379 |     17.3736  |
# word2vec Cosine Similarity Matrix for hate, uneasy, suffering, depression, nightmares
  
|            |     hate |   uneasy |   suffering |   depression |   nightmares |
|:-----------|---------:|---------:|------------:|-------------:|-------------:|
| hate       | 1        | 0.220074 |    0.151756 |     0.141135 |     0.19559  |
| uneasy     | 0.220074 | 1        |    0.114073 |     0.100067 |     0.226922 |
| suffering  | 0.151756 | 0.114073 |    1        |     0.301009 |     0.308219 |
| depression | 0.141135 | 0.100067 |    0.301009 |     1        |     0.305861 |
| nightmares | 0.19559  | 0.226922 |    0.308219 |     0.305861 |     1        |
# word2vec Dot Product Matrix for hate, uneasy, suffering, depression, nightmares
  
|            |    hate |   uneasy |   suffering |   depression |   nightmares |
|:-----------|--------:|---------:|------------:|-------------:|-------------:|
| hate       | 7.94317 | 1.83411  |     1.10814 |     1.27179  |      1.80027 |
| uneasy     | 1.83411 | 8.74422  |     0.87397 |     0.946105 |      2.19145 |
| suffering  | 1.10814 | 0.87397  |     6.71284 |     2.49355  |      2.60799 |
| depression | 1.27179 | 0.946105 |     2.49355 |    10.2228   |      3.19377 |
| nightmares | 1.80027 | 2.19145  |     2.60799 |     3.19377  |     10.6656  |
# Input Ranking Matrix for hate, uneasy, suffering, depression, nightmares
  
|            |   hate |   uneasy |   suffering |   depression |   nightmares |
|:-----------|-------:|---------:|------------:|-------------:|-------------:|
| hate       |     84 |       57 |          73 |           39 |           41 |
| uneasy     |     39 |       84 |          64 |           59 |           48 |
| suffering  |     40 |       42 |          84 |           69 |           59 |
| depression |     31 |       59 |          80 |           84 |           40 |
| nightmares |     40 |       63 |          67 |           40 |           84 |
# glove Cosine Similarity Matrix for angry, pleasure, tiredness, fine, motivation
  
|            |    angry |   pleasure |   tiredness |     fine |   motivation |
|:-----------|---------:|-----------:|------------:|---------:|-------------:|
| angry      | 1        |   0.270459 |    0.125378 | 0.273935 |     0.267938 |
| pleasure   | 0.270459 |   1        |    0.197311 | 0.420396 |     0.4027   |
| tiredness  | 0.125378 |   0.197311 |    1        | 0.107513 |     0.298534 |
| fine       | 0.273935 |   0.420396 |    0.107513 | 1        |     0.230262 |
| motivation | 0.267938 |   0.4027   |    0.298534 | 0.230262 |     1        |
# glove Dot Product Matrix for angry, pleasure, tiredness, fine, motivation
  
|            |    angry |   pleasure |   tiredness |     fine |   motivation |
|:-----------|---------:|-----------:|------------:|---------:|-------------:|
| angry      | 43.8747  |   12.1101  |     5.57312 | 12.4262  |      11.7164 |
| pleasure   | 12.1101  |   45.6962  |     8.95078 | 19.4617  |      17.971  |
| tiredness  |  5.57312 |    8.95078 |    45.0339  |  4.94099 |      13.2256 |
| fine       | 12.4262  |   19.4617  |     4.94099 | 46.8993  |      10.4102 |
| motivation | 11.7164  |   17.971   |    13.2256  | 10.4102  |      43.5816 |
# fasttext Cosine Similarity Matrix for angry, pleasure, tiredness, fine, motivation
  
|            |    angry |   pleasure |   tiredness |     fine |   motivation |
|:-----------|---------:|-----------:|------------:|---------:|-------------:|
| angry      | 1        |   0.214932 |    0.347175 | 0.144986 |     0.28218  |
| pleasure   | 0.214932 |   1        |    0.349917 | 0.231782 |     0.400712 |
| tiredness  | 0.347175 |   0.349917 |    1        | 0.132459 |     0.398982 |
| fine       | 0.144986 |   0.231782 |    0.132459 | 1        |     0.131719 |
| motivation | 0.28218  |   0.400712 |    0.398982 | 0.131719 |     1        |
# fasttext Dot Product Matrix for angry, pleasure, tiredness, fine, motivation
  
|            |    angry |   pleasure |   tiredness |     fine |   motivation |
|:-----------|---------:|-----------:|------------:|---------:|-------------:|
| angry      | 13.859   |    3.19372 |     5.43742 |  2.15512 |      3.47014 |
| pleasure   |  3.19372 |   15.9316  |     5.87588 |  3.69394 |      5.28345 |
| tiredness  |  5.43742 |    5.87588 |    17.6993  |  2.22505 |      5.5448  |
| fine       |  2.15512 |    3.69394 |     2.22505 | 15.9426  |      1.73733 |
| motivation |  3.47014 |    5.28345 |     5.5448  |  1.73733 |     10.9121  |
# word2vec Cosine Similarity Matrix for angry, pleasure, tiredness, fine, motivation
  
|            |       angry |    pleasure |   tiredness |      fine |   motivation |
|:-----------|------------:|------------:|------------:|----------:|-------------:|
| angry      | 1           | 0.000623646 |    0.134014 | 0.102659  |    0.153786  |
| pleasure   | 0.000623646 | 1           |    0.223267 | 0.15709   |    0.326847  |
| tiredness  | 0.134014    | 0.223267    |    1        | 0.158283  |    0.31408   |
| fine       | 0.102659    | 0.15709     |    0.158283 | 1         |    0.0379902 |
| motivation | 0.153786    | 0.326847    |    0.31408  | 0.0379902 |    1         |
# word2vec Dot Product Matrix for angry, pleasure, tiredness, fine, motivation
  
|            |      angry |   pleasure |   tiredness |     fine |   motivation |
|:-----------|-----------:|-----------:|------------:|---------:|-------------:|
| angry      | 7.11102    | 0.00484693 |     1.27906 | 0.713656 |     1.14132  |
| pleasure   | 0.00484693 | 8.49425    |     2.32897 | 1.19354  |     2.65112  |
| tiredness  | 1.27906    | 2.32897    |    12.8101  | 1.47685  |     3.12852  |
| fine       | 0.713656   | 1.19354    |     1.47685 | 6.79594  |     0.275626 |
| motivation | 1.14132    | 2.65112    |     3.12852 | 0.275626 |     7.74542  |
# Input Ranking Matrix for angry, pleasure, tiredness, fine, motivation
  
|            |   angry |   pleasure |   tiredness |   fine |   motivation |
|:-----------|--------:|-----------:|------------:|-------:|-------------:|
| angry      |      84 |         31 |          66 |     51 |           62 |
| pleasure   |      36 |         84 |          33 |     66 |           75 |
| tiredness  |      64 |         42 |          84 |     68 |           36 |
| fine       |      47 |         62 |          61 |     84 |           40 |
| motivation |      57 |         72 |          33 |     48 |           84 |
# glove Cosine Similarity Matrix for stress, sleeplessness, pain, anger, helplessness
  
|               |   stress |   sleeplessness |     pain |    anger |   helplessness |
|:--------------|---------:|----------------:|---------:|---------:|---------------:|
| stress        | 1        |        0.397159 | 0.639776 | 0.509786 |       0.318463 |
| sleeplessness | 0.397159 |        1        | 0.401567 | 0.325452 |       0.359906 |
| pain          | 0.639776 |        0.401567 | 1        | 0.530787 |       0.340054 |
| anger         | 0.509786 |        0.325452 | 0.530787 | 1        |       0.504453 |
| helplessness  | 0.318463 |        0.359906 | 0.340054 | 0.504453 |       1        |
# glove Dot Product Matrix for stress, sleeplessness, pain, anger, helplessness
  
|               |   stress |   sleeplessness |    pain |   anger |   helplessness |
|:--------------|---------:|----------------:|--------:|--------:|---------------:|
| stress        |  54.3001 |         18.3769 | 37.2365 | 26.5921 |        15.3609 |
| sleeplessness |  18.3769 |         39.4289 | 19.9162 | 14.4663 |        14.7929 |
| pain          |  37.2365 |         19.9162 | 62.3852 | 29.6773 |        17.5811 |
| anger         |  26.5921 |         14.4663 | 29.6773 | 50.1103 |        23.3745 |
| helplessness  |  15.3609 |         14.7929 | 17.5811 | 23.3745 |        42.8466 |
# fasttext Cosine Similarity Matrix for stress, sleeplessness, pain, anger, helplessness
  
|               |   stress |   sleeplessness |     pain |    anger |   helplessness |
|:--------------|---------:|----------------:|---------:|---------:|---------------:|
| stress        | 1        |        0.48394  | 0.45671  | 0.389963 |       0.497394 |
| sleeplessness | 0.48394  |        1        | 0.581904 | 0.5632   |       0.780232 |
| pain          | 0.45671  |        0.581904 | 1        | 0.475188 |       0.533733 |
| anger         | 0.389963 |        0.5632   | 0.475188 | 1        |       0.683225 |
| helplessness  | 0.497394 |        0.780232 | 0.533733 | 0.683225 |       1        |
# fasttext Dot Product Matrix for stress, sleeplessness, pain, anger, helplessness
  
|               |   stress |   sleeplessness |     pain |    anger |   helplessness |
|:--------------|---------:|----------------:|---------:|---------:|---------------:|
| stress        | 18.3397  |         8.22813 |  8.68761 |  6.23152 |        8.45862 |
| sleeplessness |  8.22813 |        15.7625  | 10.2619  |  8.34352 |       12.3009  |
| pain          |  8.68761 |        10.2619  | 19.73    |  7.87594 |        9.41432 |
| anger         |  6.23152 |         8.34352 |  7.87594 | 13.9235  |       10.1237  |
| helplessness  |  8.45862 |        12.3009  |  9.41432 | 10.1237  |       15.769   |
# word2vec Cosine Similarity Matrix for stress, sleeplessness, pain, anger, helplessness
  
|               |   stress |   sleeplessness |     pain |    anger |   helplessness |
|:--------------|---------:|----------------:|---------:|---------:|---------------:|
| stress        | 1        |        0.405846 | 0.485804 | 0.280584 |       0.308758 |
| sleeplessness | 0.405846 |        1        | 0.439549 | 0.141801 |       0.337931 |
| pain          | 0.485804 |        0.439549 | 1        | 0.38829  |       0.414188 |
| anger         | 0.280584 |        0.141801 | 0.38829  | 1        |       0.485807 |
| helplessness  | 0.308758 |        0.337931 | 0.414188 | 0.485807 |       1        |
# word2vec Dot Product Matrix for stress, sleeplessness, pain, anger, helplessness
  
|               |   stress |   sleeplessness |    pain |    anger |   helplessness |
|:--------------|---------:|----------------:|--------:|---------:|---------------:|
| stress        |  8.66983 |         4.44446 | 4.21156 |  2.67168 |        3.00623 |
| sleeplessness |  4.44446 |        13.8327  | 4.81322 |  1.70548 |        4.15604 |
| pain          |  4.21156 |         4.81322 | 8.66867 |  3.69699 |        4.03248 |
| anger         |  2.67168 |         1.70548 | 3.69699 | 10.4576  |        5.19492 |
| helplessness  |  3.00623 |         4.15604 | 4.03248 |  5.19492 |       10.9345  |
# Input Ranking Matrix for stress, sleeplessness, pain, anger, helplessness
  
|               |   stress |   sleeplessness |   pain |   anger |   helplessness |
|:--------------|---------:|----------------:|-------:|--------:|---------------:|
| stress        |       84 |              62 |     43 |      39 |             66 |
| sleeplessness |       78 |              84 |     49 |      33 |             50 |
| pain          |       64 |              42 |     84 |      56 |             48 |
| anger         |       69 |              30 |     65 |      84 |             46 |
| helplessness  |       71 |              51 |     49 |      39 |             84 |